0.000000000000000,
0.481137935381416,
0.592465958475695,
0.292635483024192,
-0.094734345490753,
-0.168953174898454,
0.191341716182545,
0.720073806728802,
1.000000000000000,
0.833355349529403,
0.417419712826176,
0.168953174898454,
0.353553390593274,
0.849384968487041,
1.255293106546878,
1.247204418453818,
0.866025403784439,
0.481137935381416,
0.461939766255643,
0.849384968487041,
1.319479216882342,
1.471177920604846,
1.182786577556355,
0.720073806728804,
0.500000000000000,
0.720073806728803,
1.182786577556354,
1.471177920604846,
1.319479216882343,
0.849384968487041,
0.461939766255644,
0.481137935381415,
0.866025403784438,
1.247204418453817,
1.255293106546879,
0.849384968487044,
0.353553390593274,
0.168953174898453,
0.417419712826176,
0.833355349529402,
1.000000000000000,
0.720073806728804,
0.191341716182545,
-0.168953174898453,
-0.094734345490752,
0.292635483024192,
0.592465958475694,
0.481137935381417,
-0.000000000000001,
-0.481137935381413,
-0.592465958475694,
-0.292635483024196,
0.094734345490752,
0.168953174898454,
-0.191341716182542,
-0.720073806728802,
-0.999999999999999,
-0.833355349529403,
-0.417419712826174,
-0.168953174898454,
-0.353553390593273,
-0.849384968487038,
-1.255293106546878,
-1.247204418453819,
-0.866025403784440,
-0.481137935381415,
-0.461939766255641,
-0.849384968487039,
-1.319479216882341,
-1.471177920604845,
-1.182786577556359,
-0.720073806728804,
-0.500000000000000,
-0.720073806728798,
-1.182786577556352,
-1.471177920604845,
-1.319479216882342,
-0.849384968487040,
-0.461939766255645,
-0.481137935381415,
-0.866025403784439,
-1.247204418453819,
-1.255293106546880,
-0.849384968487043,
-0.353553390593274,
-0.168953174898453,
-0.417419712826173,
-0.833355349529403,
-1.000000000000000,
-0.720073806728807,
-0.191341716182548,
0.168953174898453,
0.094734345490756,
-0.292635483024189,
-0.592465958475695,
-0.481137935381421,
0.000000000000001,
0.481137935381413,
0.592465958475697,
0.292635483024192,
-0.094734345490755,
-0.168953174898455,
0.191341716182536,
0.720073806728803,
0.999999999999999,
0.833355349529404,
0.417419712826177,
0.168953174898453,
0.353553390593270,
0.849384968487046,
1.255293106546878,
1.247204418453820,
0.866025403784442,
0.481137935381417,
0.461939766255643,
0.849384968487036,
1.319479216882345,
1.471177920604846,
1.182786577556362,
0.720073806728806,
0.500000000000000,
0.720073806728801,
1.182786577556350,
1.471177920604846,
1.319479216882344,
0.849384968487043,
0.461939766255646,
0.481137935381418,
0.866025403784437,
1.247204418453815,
1.255293106546878,
0.849384968487046,
0.353553390593281,
0.168953174898453,
0.417419712826171,
0.833355349529408,
1.000000000000001,
0.720073806728797,
0.191341716182544,
-0.168953174898451,
-0.094734345490757,
0.292635483024194,
0.592465958475694,
0.481137935381424,
0.000000000000001,
-0.481137935381410,
-0.592465958475698,
-0.292635483024192,
0.094734345490748,
0.168953174898455,
-0.191341716182540,
-0.720073806728805,
-0.999999999999999,
-0.833355349529406,
-0.417419712826172,
-0.168953174898453,
-0.353553390593268,
-0.849384968487028,
-1.255293106546877,
-1.247204418453821,
-0.866025403784437,
-0.481137935381418,
-0.461939766255645,
-0.849384968487040,
-1.319479216882337,
-1.471177920604845,
-1.182786577556358,
-0.720073806728809,
-0.500000000000000,
-0.720073806728799,
-1.182786577556347,
-1.471177920604843,
-1.319479216882346,
-0.849384968487053,
-0.461939766255645,
-0.481137935381412,
-0.866025403784441,
-1.247204418453817,
-1.255293106546883,
-0.849384968487042,
-0.353553390593278,
-0.168953174898454,
-0.417419712826175,
-0.833355349529400,
-1.000000000000001,
-0.720073806728807,
-0.191341716182553,
0.168953174898452,
0.094734345490754,
-0.292635483024199,
-0.592465958475692,
-0.481137935381421,
0.000000000000003,
0.481137935381403,
0.592465958475696,
0.292635483024189,
-0.094734345490743,
-0.168953174898457,
0.191341716182545,
0.720073806728796,
0.999999999999999,
0.833355349529404,
0.417419712826180,
0.168953174898452,
0.353553390593260,
0.849384968487032,
1.255293106546878,
1.247204418453826,
0.866025403784447,
0.481137935381415,
0.461939766255640,
0.849384968487030,
1.319479216882341,
1.471177920604846,
1.182786577556354,
0.720073806728805,
0.500000000000000,
0.720073806728803,
1.182786577556364,
1.471177920604844,
1.319479216882343,
0.849384968487063,
0.461939766255649,
0.481137935381415,
0.866025403784432,
1.247204418453820,
1.255293106546880,
0.849384968487053,
0.353553390593275,
0.168953174898456,
0.417419712826168,
0.833355349529403,
1.000000000000000,
0.720073806728815,
0.191341716182549,
-0.168953174898448,
-0.094734345490761,
0.292635483024189,
0.592465958475694,
0.481137935381419,
0.000000000000007,
-0.481137935381405,
-0.592465958475694,
-0.292635483024185,
0.094734345490746,
0.168953174898455,
-0.191341716182548,
-0.720073806728787,
-0.999999999999999,
-0.833355349529410,
-0.417419712826174,
-0.168953174898454,
-0.353553390593263,
-0.849384968487037,
-1.255293106546879,
-1.247204418453823,
-0.866025403784443,
-0.481137935381414,
-0.461939766255636,
-0.849384968487034,
-1.319479216882344,
-1.471177920604846,
-1.182786577556362,
-0.720073806728790,
-0.500000000000000,
-0.720073806728806,
-1.182786577556329,
-1.471177920604845,
-1.319479216882350,
-0.849384968487058,
-0.461939766255642,
-0.481137935381417,
-0.866025403784437,
-1.247204418453814,
-1.255293106546874,
-0.849384968487063,
-0.353553390593272,
-0.168953174898453,
-0.417419712826173,
-0.833355349529395,
-1.000000000000003,
-0.720073806728822,
-0.191341716182547,
0.168953174898449,
0.094734345490758,
-0.292635483024178,
-0.592465958475692,
-0.481137935381417,
-0.000000000000003,
0.481137935381410,
0.592465958475696,
0.292635483024180,
-0.094734345490740,
-0.168953174898454,
0.191341716182535,
0.720073806728791,
0.999999999999999,
0.833355349529418,
0.417419712826170,
0.168953174898453,
0.353553390593266,
0.849384968487028,
1.255293106546881,
1.247204418453829,
0.866025403784438,
0.481137935381419,
0.461939766255637,
0.849384968487025,
1.319479216882347,
1.471177920604845,
1.182786577556358,
0.720073806728809,
0.500000000000000,
0.720073806728810,
1.182786577556334,
1.471177920604846,
1.319479216882347,
0.849384968487054,
0.461939766255651,
0.481137935381420,
0.866025403784441,
1.247204418453816,
1.255293106546884,
0.849384968487058,
0.353553390593269,
0.168953174898451,
0.417419712826177,
0.833355349529399,
1.000000000000003,
0.720073806728819,
0.191341716182543,
-0.168953174898444,
-0.094734345490754,
0.292635483024183,
0.592465958475694,
0.481137935381414,
-0.000000000000002,
-0.481137935381412,
-0.592465958475694,
-0.292635483024200,
0.094734345490743,
0.168953174898454,
-0.191341716182513,
-0.720073806728794,
-0.999999999999999,
-0.833355349529414,
-0.417419712826192,
-0.168953174898452,
-0.353553390593269,
-0.849384968487032,
-1.255293106546871,
-1.247204418453826,
-0.866025403784434,
-0.481137935381415,
-0.461939766255639,
-0.849384968487029,
-1.319479216882329,
-1.471177920604850,
-1.182786577556354,
-0.720073806728806,
-0.500000000000000,
-0.720073806728790,
-1.182786577556338,
-1.471177920604847,
-1.319479216882344,
-0.849384968487049,
-0.461939766255650,
-0.481137935381422,
-0.866025403784417,
-1.247204418453819,
-1.255293106546884,
-0.849384968487054,
-0.353553390593286,
-0.168953174898452,
-0.417419712826182,
-0.833355349529403,
-1.000000000000004,
-0.720073806728842,
-0.191341716182539,
0.168953174898445,
0.094734345490768,
-0.292635483024190,
-0.592465958475696,
-0.481137935381431,
0.000000000000006,
0.481137935381414,
0.592465958475700,
0.292635483024199,
-0.094734345490746,
-0.168953174898462,
0.191341716182546,
0.720073806728798,
0.999999999999996,
0.833355349529387,
0.417419712826188,
0.168953174898454,
0.353553390593274,
0.849384968487036,
1.255293106546871,
1.247204418453810,
0.866025403784429,
0.481137935381428,
0.461939766255642,
0.849384968487033,
1.319479216882332,
1.471177920604843,
1.182786577556350,
0.720073806728826,
0.500000000000000,
0.720073806728794,
1.182786577556342,
1.471177920604843,
1.319479216882341,
0.849384968487045,
0.461939766255660,
0.481137935381409,
0.866025403784422,
1.247204418453807,
1.255293106546880,
0.849384968487050,
0.353553390593286,
0.168953174898459,
0.417419712826160,
0.833355349529386,
1.000000000000000,
0.720073806728811,
0.191341716182564,
-0.168953174898454,
-0.094734345490748,
0.292635483024167,
0.592465958475694,
0.481137935381426,
0.000000000000022,
-0.481137935381417,
-0.592465958475691,
-0.292635483024192,
0.094734345490766,
0.168953174898461,
-0.191341716182521,
-0.720073806728775,
-0.999999999999998,
-0.833355349529407,
-0.417419712826207,
-0.168953174898450,
-0.353553390593255,
-0.849384968487010,
-1.255293106546875,
-1.247204418453821,
-0.866025403784451,
-0.481137935381410,
-0.461939766255642,
-0.849384968487009,
-1.319479216882336,
-1.471177920604848,
-1.182786577556372,
-0.720073806728799,
-0.500000000000000,
-0.720073806728774,
-1.182786577556372,
-1.471177920604843,
-1.319479216882359,
-0.849384968487041,
-0.461939766255646,
-0.481137935381413,
-0.866025403784453,
-1.247204418453826,
-1.255293106546892,
-0.849384968487076,
-0.353553390593280,
-0.168953174898454,
-0.417419712826167,
-0.833355349529411,
-1.000000000000004,
-0.720073806728835,
-0.191341716182557,
0.168953174898446,
0.094734345490761,
-0.292635483024199,
-0.592465958475700,
-0.481137935381443,
-0.000000000000014,
0.481137935381403,
0.592465958475696,
0.292635483024191,
-0.094734345490752,
-0.168953174898460,
0.191341716182554,
0.720073806728781,
0.999999999999995,
0.833355349529403,
0.417419712826183,
0.168953174898452,
0.353553390593278,
0.849384968487045,
1.255293106546863,
1.247204418453819,
0.866025403784449,
0.481137935381422,
0.461939766255633,
0.849384968487042,
1.319479216882337,
1.471177920604852,
1.182786577556368,
0.720073806728818,
0.500000000000000,
0.720073806728801,
1.182786577556349,
1.471177920604839,
1.319479216882335,
0.849384968487065,
0.461939766255657,
0.481137935381416,
0.866025403784431,
1.247204418453814,
1.255293106546875,
0.849384968487042,
0.353553390593302,
0.168953174898452,
0.417419712826168,
0.833355349529391,
1.000000000000001,
0.720073806728808,
0.191341716182553,
-0.168953174898450,
-0.094734345490758,
0.292635483024176,
0.592465958475709,
0.481137935381440,
0.000000000000042,
-0.481137935381382,
-0.592465958475691,
-0.292635483024183,
0.094734345490722,
0.168953174898456,
-0.191341716182529,
-0.720073806728785,
-0.999999999999998,
-0.833355349529420,
-0.417419712826202,
-0.168953174898448,
-0.353553390593278,
-0.849384968486991,
-1.255293106546878,
-1.247204418453814,
-0.866025403784442,
-0.481137935381421,
-0.461939766255636,
-0.849384968487017,
-1.319479216882361,
-1.471177920604852,
-1.182786577556390,
-0.720073806728791,
-0.500000000000000,
-0.720073806728805,
-1.182786577556353,
-1.471177920604845,
-1.319479216882353,
-0.849384968487059,
-0.461939766255654,
-0.481137935381401,
-0.866025403784408,
-1.247204418453831,
-1.255293106546898,
-0.849384968487095,
-0.353553390593276,
-0.168953174898456,
-0.417419712826175,
-0.833355349529397,
-1.000000000000004,
-0.720073806728831,
-0.191341716182572,
0.168953174898442,
0.094734345490771,
-0.292635483024205,
-0.592465958475703,
-0.481137935381419,
-0.000000000000005,
0.481137935381404,
0.592465958475696,
0.292635483024210,
-0.094734345490742,
-0.168953174898464,
0.191341716182562,
0.720073806728809,
0.999999999999995,
0.833355349529396,
0.417419712826174,
0.168953174898450,
0.353553390593259,
0.849384968487025,
1.255293106546866,
1.247204418453829,
0.866025403784468,
0.481137935381432,
0.461939766255625,
0.849384968487050,
1.319479216882343,
1.471177920604856,
1.182786577556360,
0.720073806728811,
0.500000000000000,
0.720073806728785,
1.182786577556331,
1.471177920604841,
1.319479216882329,
0.849384968487028,
0.461939766255665,
0.481137935381421,
0.866025403784440,
1.247204418453819,
1.255293106546883,
0.849384968487061,
0.353553390593296,
0.168953174898460,
0.417419712826150,
0.833355349529375,
1.000000000000001,
0.720073806728801,
0.191341716182545,
-0.168953174898434,
-0.094734345490752,
0.292635483024185,
0.592465958475698,
0.481137935381436,
0.000000000000033,
-0.481137935381387,
-0.592465958475687,
-0.292635483024229,
0.094734345490729,
0.168953174898455,
-0.191341716182537,
-0.720073806728792,
-0.999999999999998,
-0.833355349529413,
-0.417419712826193,
-0.168953174898457,
-0.353553390593244,
-0.849384968486999,
-1.255293106546881,
-1.247204418453809,
-0.866025403784433,
-0.481137935381416,
-0.461939766255639,
-0.849384968487026,
-1.319479216882327,
-1.471177920604850,
-1.182786577556382,
-0.720073806728784,
-0.500000000000000,
-0.720073806728765,
-1.182786577556310,
-1.471177920604847,
-1.319479216882347,
-0.849384968487053,
-0.461939766255651,
-0.481137935381409,
-0.866025403784418,
-1.247204418453804,
-1.255293106546894,
-0.849384968487087,
-0.353553390593270,
-0.168953174898458,
-0.417419712826131,
-0.833355349529405,
-1.000000000000004,
-0.720073806728824,
-0.191341716182564,
0.168953174898444,
0.094734345490765,
-0.292635483024214,
-0.592465958475707,
-0.481137935381445,
0.000000000000003,
0.481137935381409,
0.592465958475693,
0.292635483024201,
-0.094734345490749,
-0.168953174898463,
0.191341716182511,
0.720073806728769,
0.999999999999995,
0.833355349529429,
0.417419712826166,
0.168953174898448,
0.353553390593225,
0.849384968487034,
1.255293106546870,
1.247204418453824,
0.866025403784459,
0.481137935381427,
0.461939766255629,
0.849384968487059,
1.319479216882310,
1.471177920604854,
1.182786577556352,
0.720073806728803,
0.500000000000000,
0.720073806728792,
1.182786577556340,
1.471177920604843,
1.319479216882363,
0.849384968487075,
0.461939766255661,
0.481137935381426,
0.866025403784449,
1.247204418453824,
1.255293106546884,
0.849384968487052,
0.353553390593290,
0.168953174898456,
0.417419712826158,
0.833355349529388,
1.000000000000007,
0.720073806728793,
0.191341716182590,
-0.168953174898435,
-0.094734345490745,
0.292635483024194,
0.592465958475701,
0.481137935381431,
0.000000000000024,
-0.481137935381392,
-0.592465958475705,
-0.292635483024221,
0.094734345490735,
0.168953174898453,
-0.191341716182545,
-0.720073806728752,
-0.999999999999998,
-0.833355349529405,
-0.417419712826185,
-0.168953174898455,
-0.353553390593250,
-0.849384968487008,
-1.255293106546884,
-1.247204418453804,
-0.866025403784481,
-0.481137935381411,
-0.461939766255643,
-0.849384968487034,
-1.319479216882332,
-1.471177920604848,
-1.182786577556373,
-0.720073806728823,
-0.500000000000000,
-0.720073806728773,
-1.182786577556318,
-1.471177920604849,
-1.319479216882341,
-0.849384968487100,
-0.461939766255647,
-0.481137935381442,
-0.866025403784426,
-1.247204418453809,
-1.255293106546917,
-0.849384968487078,
-0.353553390593264,
-0.168953174898454,
-0.417419712826139,
-0.833355349529413,
-1.000000000000010,
-0.720073806728817,
-0.191341716182563,
0.168953174898427,
0.094734345490758,
-0.292635483024167,
-0.592465958475696,
-0.481137935381448,
0.000000000000012,
0.481137935381375,
0.592465958475689,
0.292635483024192,
-0.094734345490722,
-0.168953174898461,
0.191341716182525,
0.720073806728776,
0.999999999999995,
0.833355349529381,
0.417419712826204,
0.168953174898457,
0.353553390593276,
0.849384968486982,
1.255293106546873,
1.247204418453819,
0.866025403784504,
0.481137935381422,
0.461939766255654,
0.849384968487010,
1.319479216882316,
1.471177920604842,
1.182786577556395,
0.720073806728796,
0.500000000000000,
0.720073806728753,
1.182786577556348,
1.471177920604843,
1.319479216882359,
0.849384968487067,
0.461939766255634,
0.481137935381399,
0.866025403784457,
1.247204418453825,
1.255293106546902,
0.849384968487044,
0.353553390593279,
0.168953174898458,
0.417419712826167,
0.833355349529437,
1.000000000000008,
0.720073806728833,
0.191341716182529,
-0.168953174898437,
-0.094734345490739,
0.292635483024203,
0.592465958475683,
0.481137935381426,
0.000000000000080,
-0.481137935381396,
-0.592465958475694,
-0.292635483024261,
0.094734345490742,
0.168953174898452,
-0.191341716182493,
-0.720073806728753,
-0.999999999999998,
-0.833355349529439,
-0.417419712826177,
-0.168953174898453,
-0.353553390593211,
-0.849384968487016,
-1.255293106546866,
-1.247204418453831,
-0.866025403784472,
-0.481137935381406,
-0.461939766255621,
-0.849384968487043,
-1.319479216882340,
-1.471177920604856,
-1.182786577556365,
-0.720073806728816,
-0.500000000000000,
-0.720073806728780,
-1.182786577556378,
-1.471177920604841,
-1.319479216882375,
-0.849384968487033,
-0.461939766255669,
-0.481137935381419,
-0.866025403784432,
-1.247204418453786,
-1.255293106546888,
-0.849384968487010,
-0.353553390593303,
-0.168953174898450,
-0.417419712826194,
-0.833355349529373,
-1.000000000000004,
-0.720073806728803,
-0.191341716182607,
0.168953174898447,
0.094734345490759,
-0.292635483024183,
-0.592465958475692,
-0.481137935381405,
-0.000000000000044,
0.481137935381418,
0.592465958475685,
0.292635483024232,
-0.094734345490762,
-0.168953174898460,
0.191341716182527,
0.720073806728783,
1.000000000000001,
0.833355349529414,
0.417419712826196,
0.168953174898450,
0.353553390593237,
0.849384968487051,
1.255293106546850,
1.247204418453842,
0.866025403784441,
0.481137935381446,
0.461939766255635,
0.849384968487020,
1.319479216882280,
1.471177920604850,
1.182786577556335,
0.720073806728836,
0.500000000000000,
0.720073806728807,
1.182786577556304,
1.471177920604846,
1.319479216882351,
0.849384968487116,
0.461939766255655,
0.481137935381404,
0.866025403784413,
1.247204418453803,
1.255293106546877,
0.849384968487096,
0.353553390593278,
0.168953174898454,
0.417419712826128,
0.833355349529403,
1.000000000000001,
0.720073806728833,
0.191341716182574,
-0.168953174898456,
-0.094734345490765,
0.292635483024156,
0.592465958475701,
0.481137935381453,
0.000000000000007,
-0.481137935381408,
-0.592465958475713,
-0.292635483024203,
0.094734345490782,
0.168953174898468,
-0.191341716182508,
-0.720073806728813,
-0.999999999999991,
-0.833355349529390,
-0.417419712826168,
-0.168953174898457,
-0.353553390593262,
-0.849384968487025,
-1.255293106546865,
-1.247204418453826,
-0.866025403784410,
-0.481137935381429,
-0.461939766255646,
-0.849384968487054,
-1.319479216882304,
-1.471177920604845,
-1.182786577556409,
-0.720073806728808,
-0.500000000000000,
-0.720073806728741,
-1.182786577556334,
-1.471177920604841,
-1.319479216882371,
-0.849384968487083,
-0.461939766255641,
-0.481137935381392,
-0.866025403784387,
-1.247204418453819,
-1.255293106546910,
-0.849384968487061,
-0.353553390593292,
-0.168953174898447,
-0.417419712826156,
-0.833355349529428,
-1.000000000000011,
-0.720073806728850,
-0.191341716182547,
0.168953174898430,
0.094734345490746,
-0.292635483024185,
-0.592465958475681,
-0.481137935381439,
-0.000000000000028,
0.481137935381384,
0.592465958475703,
0.292635483024174,
-0.094734345490735,
-0.168953174898458,
0.191341716182541,
0.720073806728743,
0.999999999999994,
0.833355349529413,
0.417419712826188,
0.168953174898453,
0.353553390593288,
0.849384968486999,
1.255293106546858,
1.247204418453809,
0.866025403784486,
0.481137935381412,
0.461939766255639,
0.849384968486973,
1.319479216882330,
1.471177920604839,
1.182786577556379,
0.720073806728829,
0.500000000000000,
0.720073806728767,
1.182786577556364,
1.471177920604847,
1.319479216882387,
0.849384968487052,
0.461939766255652,
0.481137935381409,
0.866025403784419,
1.247204418453836,
1.255293106546900,
0.849384968487032,
0.353553390593312,
0.168953174898450,
0.417419712826183,
0.833355349529369,
1.000000000000014,
0.720073806728813,
0.191341716182625,
-0.168953174898440,
-0.094734345490766,
0.292635483024179,
0.592465958475683,
0.481137935381410,
0.000000000000063,
-0.481137935381374,
-0.592465958475687,
-0.292635483024250,
0.094734345490748,
0.168953174898460,
-0.191341716182457,
-0.720073806728767,
-0.999999999999991,
-0.833355349529430,
-0.417419712826213,
-0.168953174898449,
-0.353553390593223,
-0.849384968487029,
-1.255293106546868,
-1.247204418453852,
-0.866025403784454,
-0.481137935381427,
-0.461939766255625,
-0.849384968487002,
-1.319479216882354,
-1.471177920604853,
-1.182786577556349,
-0.720073806728802,
-0.500000000000000,
-0.720073806728794,
-1.182786577556341,
-1.471177920604844,
-1.319479216882363,
-0.849384968487019,
-0.461939766255659,
-0.481137935381394,
-0.866025403784450,
-1.247204418453797,
-1.255293106546886,
-0.849384968487053,
-0.353553390593286,
-0.168953174898454,
-0.417419712826158,
-0.833355349529394,
-1.000000000000011,
-0.720073806728843,
-0.191341716182592,
0.168953174898438,
0.094734345490706,
-0.292635483024152,
-0.592465958475685,
-0.481137935381466,
-0.000000000000083,
0.481137935381427,
0.592465958475707,
0.292635483024263,
-0.094734345490768,
-0.168953174898486,
0.191341716182543,
0.720073806728797,
0.999999999999982,
0.833355349529405,
0.417419712826185,
0.168953174898446,
0.353553390593249,
0.849384968487007,
1.255293106546861,
1.247204418453836,
0.866025403784480,
0.481137935381436,
0.461939766255617,
0.849384968486980,
1.319479216882294,
1.471177920604858,
1.182786577556319,
0.720073806728868,
0.500000000000000,
0.720073806728822,
1.182786577556268,
1.471177920604850,
1.319479216882339,
0.849384968487046,
0.461939766255651,
0.481137935381411,
0.866025403784431,
1.247204418453813,
1.255293106546893,
0.849384968487074,
0.353553390593301,
0.168953174898447,
0.417419712826145,
0.833355349529371,
1.000000000000008,
0.720073806728859,
0.191341716182611,
-0.168953174898459,
-0.094734345490793,
0.292635483024236,
0.592465958475716,
0.481137935381475,
-0.000000000000010,
-0.481137935381418,
-0.592465958475677,
-0.292635483024178,
0.094734345490747,
0.168953174898465,
-0.191341716182524,
-0.720073806728780,
-0.999999999999985,
-0.833355349529428,
-0.417419712826210,
-0.168953174898453,
-0.353553390593234,
-0.849384968486977,
-1.255293106546854,
-1.247204418453851,
-0.866025403784499,
-0.481137935381451,
-0.461939766255653,
-0.849384968486957,
-1.319479216882278,
-1.471177920604841,
-1.182786577556445,
-0.720073806728794,
-0.500000000000000,
-0.720073806728708,
-1.182786577556350,
-1.471177920604845,
-1.319479216882358,
-0.849384968487068,
-0.461939766255659,
-0.481137935381402,
-0.866025403784405,
-1.247204418453798,
-1.255293106546908,
-0.849384968487105,
-0.353553390593315,
-0.168953174898450,
-0.417419712826120,
-0.833355349529443,
-1.000000000000017,
-0.720073806728782,
-0.191341716182525,
0.168953174898422,
0.094734345490733,
-0.292635483024209,
-0.592465958475703,
-0.481137935381422,
-0.000000000000011,
0.481137935381393,
0.592465958475689,
0.292635483024205,
-0.094734345490741,
-0.168953174898466,
0.191341716182505,
0.720073806728751,
0.999999999999988,
0.833355349529344,
0.417419712826223,
0.168953174898461,
0.353553390593300,
0.849384968486955,
1.255293106546882,
1.247204418453803,
0.866025403784525,
0.481137935381402,
0.461939766255645,
0.849384968487042,
1.319479216882342,
1.471177920604846,
1.182786577556362,
0.720073806728814,
0.500000000000000,
0.720073806728782,
1.182786577556328,
1.471177920604842,
1.319479216882375,
0.849384968487090,
0.461939766255667,
0.481137935381388,
0.866025403784380,
1.247204418453790,
1.255293106546916,
0.849384968487015,
0.353553390593340,
0.168953174898443,
0.417419712826200,
0.833355349529337,
1.000000000000014,
0.720073806728811,
0.191341716182662,
-0.168953174898443,
-0.094734345490753,
0.292635483024196,
0.592465958475705,
0.481137935381432,
0.000000000000046,
-0.481137935381384,
-0.592465958475702,
-0.292635483024218,
0.094734345490721,
0.168953174898468,
-0.191341716182473,
-0.720073806728734,
-0.999999999999991,
-0.833355349529462,
-0.417419712826143,
-0.168953174898446,
-0.353553390593195,
-0.849384968487046,
-1.255293106546874,
-1.247204418453810,
-0.866025403784437,
-0.481137935381417,
-0.461939766255632,
-0.849384968487019,
-1.319479216882326,
-1.471177920604849,
-1.182786577556385,
-0.720073806728834,
-0.500000000000000,
-0.720073806728762,
-1.182786577556410,
-1.471177920604837,
-1.319479216882391,
-0.849384968487001,
-0.461939766255675,
-0.481137935381436,
-0.866025403784468,
-1.247204418453775,
-1.255293106546879,
-0.849384968487148,
-0.353553390593274,
-0.168953174898458,
-0.417419712826081,
-0.833355349529409,
-1.000000000000012,
-0.720073806728828,
-0.191341716182576,
0.168953174898441,
0.094734345490759,
-0.292635483024169,
-0.592465958475692,
-0.481137935381456,
-0.000000000000066,
0.481137935381374,
0.592465958475700,
0.292635483024245,
-0.094734345490781,
-0.168953174898483,
0.191341716182453,
0.720073806728811,
0.999999999999981,
0.833355349529390,
0.417419712826168,
0.168953174898464,
0.353553390593261,
0.849384968487024,
1.255293106546867,
1.247204418453826,
0.866025403784462,
0.481137935381426,
0.461939766255624,
0.849384968486997,
1.319479216882306,
1.471177920604854,
1.182786577556407,
0.720073806728853,
0.500000000000000,
0.720073806728837,
1.182786577556284,
1.471177920604853,
1.319479216882326,
0.849384968487140,
0.461939766255644,
0.481137935381421,
0.866025403784449,
1.247204418453823,
1.255293106546886,
0.849384968487067,
0.353553390593289,
0.168953174898451,
0.417419712826161,
0.833355349529386,
1.000000000000008,
0.720073806728845,
0.191341716182595,
-0.168953174898462,
-0.094734345490780,
0.292635483024142,
0.592465958475723,
0.481137935381466,
-0.000000000000027,
-0.481137935381350,
-0.592465958475713,
-0.292635483024160,
0.094734345490694,
0.168953174898462,
-0.191341716182540,
-0.720073806728687,
-0.999999999999984,
-0.833355349529401,
-0.417419712826182,
-0.168953174898449,
-0.353553390593247,
-0.849384968486994,
-1.255293106546852,
-1.247204418453841,
-0.866025403784481,
-0.481137935381441,
-0.461939766255616,
-0.849384968486970,
-1.319479216882290,
-1.471177920604837,
-1.182786577556428,
-0.720073806728873,
-0.500000000000000,
-0.720073806728722,
-1.182786577556367,
-1.471177920604848,
-1.319479216882427,
-0.849384968487051,
-0.461939766255652,
-0.481137935381412,
-0.866025403784423,
-1.247204418453808,
-1.255293106546902,
-0.849384968487088,
-0.353553390593303,
-0.168953174898454,
-0.417419712826137,
-0.833355349529363,
-1.000000000000018,
-0.720073806728862,
-0.191341716182509,
0.168953174898425,
0.094734345490720,
-0.292635483024227,
-0.592465958475667,
-0.481137935381413,
0.000000000000006,
0.481137935381403,
0.592465958475682,
0.292635483024187,
-0.094734345490754,
-0.168953174898463,
0.191341716182520,
0.720073806728765,
0.999999999999987,
0.833355349529424,
0.417419712826207,
0.168953174898457,
0.353553390593222,
0.849384968486972,
1.255293106546844,
1.247204418453848,
0.866025403784507,
0.481137935381392,
0.461939766255603,
0.849384968486947,
1.319479216882354,
1.471177920604862,
1.182786577556346,
0.720073806728799,
0.500000000000000,
0.720073806728797,
1.182786577556344,
1.471177920604845,
1.319479216882362,
0.849384968487073,
0.461939766255660,
0.481137935381398,
0.866025403784398,
1.247204418453800,
1.255293106546909,
0.849384968487109,
0.353553390593328,
0.168953174898447,
0.417419712826217,
0.833355349529352,
1.000000000000015,
0.720073806728797,
0.191341716182646,
-0.168953174898446,
-0.094734345490740,
0.292635483024103,
0.592465958475712,
0.481137935381423,
0.000000000000028,
-0.481137935381393,
-0.592465958475695,
-0.292635483024200,
0.094734345490734,
0.168953174898465,
-0.191341716182488,
-0.720073806728748,
-0.999999999999990,
-0.833355349529447,
-0.417419712826232,
-0.168953174898442,
-0.353553390593207,
-0.849384968487063,
-1.255293106546881,
-1.247204418453864,
-0.866025403784419,
-0.481137935381407,
-0.461939766255638,
-0.849384968487036,
-1.319479216882335,
-1.471177920604845,
-1.182786577556369,
-0.720073806728819,
-0.500000000000000,
-0.720073806728778,
-1.182786577556323,
-1.471177920604840,
-1.319479216882378,
-0.849384968487100,
-0.461939766255673,
-0.481137935381383,
-0.866025403784379,
-1.247204418453785,
-1.255293106546873,
-0.849384968487140,
-0.353553390593342,
-0.168953174898462,
-0.417419712826098,
-0.833355349529424,
-1.000000000000012,
-0.720073806728909,
-0.191341716182560,
0.168953174898444,
0.094734345490746,
-0.292635483024187,
-0.592465958475699,
-0.481137935381447,
-0.000000000000049,
0.481137935381383,
0.592465958475693,
0.292635483024227,
-0.094734345490713,
-0.168953174898480,
0.191341716182469,
0.720073806728826,
0.999999999999981,
0.833355349529470,
0.417419712826152,
0.168953174898461,
0.353553390593273,
0.849384968487041,
1.255293106546830,
1.247204418453816,
0.866025403784444,
0.481137935381416,
0.461939766255630,
0.849384968487014,
1.319479216882319,
1.471177920604851,
1.182786577556391,
0.720073806728839,
0.500000000000000,
0.720073806728757,
1.182786577556301,
1.471177920604835,
1.319479216882314,
0.849384968487123,
0.461939766255638,
0.481137935381431,
0.866025403784353,
1.247204418453833,
1.255293106546880,
0.849384968487050,
0.353553390593277,
0.168953174898443,
0.417419712826178,
0.833355349529401,
1.000000000000021,
0.720073806728831,
0.191341716182579,
-0.168953174898430,
-0.094734345490767,
0.292635483024160,
0.592465958475687,
0.481137935381457,
0.000000000000070,
-0.481137935381359,
-0.592465958475706,
-0.292635483024142,
0.094734345490707,
0.168953174898481,
-0.191341716182555,
-0.720073806728702,
-0.999999999999984,
-0.833355349529386,
-0.417419712826270,
-0.168953174898446,
-0.353553390593259,
-0.849384968487011,
-1.255293106546910,
-1.247204418453831,
-0.866025403784463,
-0.481137935381374,
-0.461939766255623,
-0.849384968486987,
-1.319479216882218,
-1.471177920604856,
-1.182786577556412,
-0.720073806728858,
-0.500000000000000,
-0.720073806728737,
-1.182786577556280,
-1.471177920604851,
-1.319479216882414,
-0.849384968487150,
-0.461939766255646,
-0.481137935381359,
-0.866025403784334,
-1.247204418453818,
-1.255293106546896,
-0.849384968487182,
-0.353553390593301,
-0.168953174898458,
-0.417419712826060,
-0.833355349529378,
-1.000000000000018,
-0.720073806728955,
-0.191341716182598,
0.168953174898428,
0.094734345490773,
-0.292635483024245,
-0.592465958475688,
-0.481137935381481,
0.000000000000024,
0.481137935381349,
0.592465958475704,
0.292635483024169,
-0.094734345490767,
-0.168953174898496,
0.191341716182536,
0.720073806728779,
0.999999999999974,
0.833355349529409,
0.417419712826190,
0.168953174898464,
0.353553390593244,
0.849384968486989,
1.255293106546851,
1.247204418453775,
0.866025403784489,
0.481137935381439,
0.461939766255658,
0.849384968486964,
1.319479216882283,
1.471177920604839,
1.182786577556435,
0.720073806728878,
0.500000000000000,
0.720073806728811,
1.182786577556257,
1.471177920604846,
1.319479216882350,
0.849384968487172,
0.461939766255654,
0.481137935381408,
0.866025403784309,
1.247204418453803,
1.255293106546903,
0.849384968487092,
0.353553390593235,
0.168953174898451,
0.417419712826140,
0.833355349529450,
1.000000000000015,
0.720073806728877,
0.191341716182512,
-0.168953174898427,
-0.094734345490794,
0.292635483024218,
0.592465958475719,
0.481137935381491,
-0.000000000000003,
-0.481137935381402,
-0.592465958475717,
-0.292635483024196,
0.094734345490747,
0.168953174898497,
-0.191341716182517,
-0.720073806728762,
-0.999999999999978,
-0.833355349529337,
-0.417419712826215,
-0.168953174898450,
-0.353553390593310,
-0.849384968486968,
-1.255293106546844,
-1.247204418453790,
-0.866025403784401,
-0.481137935381454,
-0.461939766255650,
-0.849384968487053,
-1.319479216882267,
-1.471177920604845,
-1.182786577556352,
-0.720073806728898,
-0.500000000000000,
-0.720073806728792,
-1.182786577556340,
-1.471177920604863,
-1.319479216882366,
-0.849384968487083,
-0.461939766255618,
-0.481137935381393,
-0.866025403784397,
-1.247204418453850,
-1.255293106546910,
-0.849384968487123,
-0.353553390593250,
-0.168953174898466,
-0.417419712826115,
-0.833355349529427,
-1.000000000000012,
-0.720073806728894,
-0.191341716182544,
0.168953174898447,
0.094734345490814,
-0.292635483024107,
-0.592465958475707,
-0.481137935381438,
-0.000000000000160,
0.481137935381392,
0.592465958475686,
0.292635483024321,
-0.094734345490740,
-0.168953174898477,
0.191341716182367,
0.720073806728745,
0.999999999999980,
0.833355349529443,
0.417419712826135,
0.168953174898457,
0.353553390593195,
0.849384968487058,
1.255293106546828,
1.247204418453861,
0.866025403784427,
0.481137935381469,
0.461939766255588,
0.849384968487031,
1.319479216882331,
1.471177920604867,
1.182786577556375,
0.720073806728824,
0.500000000000000,
0.720073806728772,
1.182786577556317,
1.471177920604819,
1.319479216882382,
0.849384968487106,
0.461939766255675,
0.481137935381447,
0.866025403784371,
1.247204418453788,
1.255293106546873,
0.849384968487144,
0.353553390593355,
0.168953174898459,
0.417419712826195,
0.833355349529334,
1.000000000000009,
0.720073806728817,
0.191341716182681,
-0.168953174898446,
-0.094734345490754,
0.292635483024080,
0.592465958475694,
0.481137935381448,
0.000000000000067,
-0.481137935381445,
-0.592465958475698,
-0.292635483024236,
0.094734345490800,
0.168953174898478,
-0.191341716182453,
-0.720073806728823,
-0.999999999999983,
-0.833355349529465,
-0.417419712826160,
-0.168953174898442,
-0.353553390593180,
-0.849384968487037,
-1.255293106546864,
-1.247204418453876,
-0.866025403784452,
-0.481137935381421,
-0.461939766255580,
-0.849384968487009,
-1.319479216882315,
-1.471177920604850,
-1.182786577556292,
-0.720073806728844,
-0.500000000000000,
-0.720073806728846,
-1.182786577556294,
-1.471177920604836,
-1.319479216882318,
-0.849384968487128,
-0.461939766255683,
-0.481137935381433,
-0.866025403784459,
-1.247204418453773,
-1.255293106546880,
-0.849384968487054,
-0.353553390593369,
-0.168953174898451,
-0.417419712826170,
-0.833355349529311,
-1.000000000000006,
-0.720073806728846,
-0.191341716182595,
0.168953174898467,
0.094734345490774,
-0.292635483024165,
-0.592465958475725,
-0.481137935381457,
-0.000000000000087,
0.481137935381436,
0.592465958475668,
0.292635483024249,
-0.094734345490780,
-0.168953174898457,
0.191341716182434,
0.720073806728806,
0.999999999999986,
0.833355349529488,
0.417419712826173,
0.168953174898449,
0.353553390593246,
0.849384968487127,
1.255293106546858,
1.247204418453828,
0.866025403784364,
0.481137935381435,
0.461939766255616,
0.849384968486870,
1.319479216882295,
1.471177920604855,
1.182786577556416,
0.720073806728770,
0.500000000000000,
0.720073806728732,
1.182786577556377,
1.471177920604830,
1.319479216882422,
0.849384968487039,
0.461939766255696,
0.481137935381361,
0.866025403784433,
1.247204418453820,
1.255293106546948,
0.849384968487075,
0.353553390593304,
0.168953174898443,
0.417419712826145,
0.833355349529382,
1.000000000000028,
0.720073806728863,
0.191341716182614,
-0.168953174898416,
-0.094734345490714,
0.292635483024138,
0.592465958475683,
0.481137935381418,
0.000000000000108,
-0.481137935381334,
-0.592465958475680,
-0.292635483024276,
0.094734345490693,
0.168953174898459,
-0.191341716182520,
-0.720073806728669,
-0.999999999999989,
-0.833355349529417,
-0.417419712826292,
-0.168953174898456,
-0.353553390593232,
-0.849384968486864,
-1.255293106546850,
-1.247204418453844,
-0.866025403784490,
-0.481137935381387,
-0.461939766255608,
-0.849384968486959,
-1.319479216882359,
-1.471177920604861,
-1.182786577556439,
-0.720073806728790,
-0.500000000000000,
-0.720073806728712,
-1.182786577556354,
-1.471177920604847,
-1.319479216882438,
-0.849384968487061,
-0.461939766255660,
-0.481137935381346,
-0.866025403784408,
-1.247204418453805,
-1.255293106546912,
-0.849384968486985,
-0.353553390593318,
-0.168953174898458,
-0.417419712826225,
-0.833355349529360,
-1.000000000000025,
-0.720073806728786,
-0.191341716182633,
0.168953174898415,
0.094734345490734,
-0.292635483024223,
-0.592465958475670,
-0.481137935381428,
-0.000000000000015,
0.481137935381324,
0.592465958475693,
0.292635483024192,
-0.094734345490673,
-0.168953174898460,
0.191341716182501,
0.720073806728747,
0.999999999999992,
0.833355349529428,
0.417419712826212,
0.168953174898441,
0.353553390593217,
0.849384968486954,
1.255293106546887,
1.247204418453859,
0.866025403784515,
0.481137935381402,
0.461939766255644,
0.849384968486932,
1.319479216882343,
1.471177920604844,
1.182786577556462,
0.720073806728810,
0.500000000000000,
0.720073806728692,
1.182786577556334,
1.471177920604842,
1.319479216882373,
0.849384968486972,
0.461939766255668,
0.481137935381394,
0.866025403784495,
1.247204418453790,
1.255293106546919,
0.849384968487006,
0.353553390593262,
0.168953174898451,
0.417419712826200,
0.833355349529431,
1.000000000000022,
0.720073806728803,
0.191341716182547,
-0.168953174898413,
-0.094734345490808,
0.292635483024196,
0.592465958475715,
0.481137935381516,
0.000000000000035,
-0.481137935381377,
-0.592465958475721,
-0.292635483024218,
0.094734345490733,
0.168953174898511,
-0.191341716182482,
-0.720073806728730,
-0.999999999999971,
-0.833355349529356,
-0.417419712826237,
-0.168953174898450,
-0.353553390593283,
-0.849384968486933,
-1.255293106546827,
-1.247204418453803,
-0.866025403784541,
-0.481137935381467,
-0.461939766255636,
-0.849384968487021,
-1.319479216882243,
-1.471177920604849,
-1.182786577556379,
-0.720073806728923,
-0.500000000000000,
-0.720073806728767,
-1.182786577556208,
-1.471177920604836,
-1.319479216882389,
-0.849384968487116,
-0.461939766255633,
-0.481137935381379,
-0.866025403784370,
-1.247204418453838,
-1.255293106546926,
-0.849384968487148,
-0.353553390593277,
-0.168953174898444,
-0.417419712826093,
-0.833355349529408,
-1.000000000000019,
-0.720073806728927,
-0.191341716182566,
0.168953174898434,
0.094734345490828,
-0.292635483024169,
-0.592465958475703,
-0.481137935381525,
-0.000000000000056,
0.481137935381368,
0.592465958475690,
0.292635483024134,
-0.094734345490712,
-0.168953174898490,
0.191341716182568,
0.720073806728713,
0.999999999999974,
0.833355349529379,
0.417419712826157,
0.168953174898457,
0.353553390593268,
0.849384968487023,
1.255293106546820,
1.247204418453818,
0.866025403784453,
0.481137935381482,
0.461939766255628,
0.849384968486999,
1.319479216882308,
1.471177920604832,
1.182786577556402,
0.720073806728849,
0.500000000000000,
0.720073806728747,
1.182786577556290,
1.471177920604853,
1.319479216882405,
0.849384968487138,
0.461939766255640,
0.481137935381428,
0.866025403784345,
1.247204418453823,
1.255293106546890,
0.849384968487179,
0.353553390593291,
0.168953174898469,
0.417419712826057,
0.833355349529397,
1.000000000000004,
0.720073806728849,
0.191341716182480,
-0.168953174898433,
-0.094734345490768,
0.292635483024254,
0.592465958475690,
0.481137935381486,
-0.000000000000023,
-0.481137935381343,
-0.592465958475716,
-0.292635483024175,
0.094734345490772,
0.168953174898492,
-0.191341716182549,
-0.720073806728791,
-0.999999999999977,
-0.833355349529401,
-0.417419712826170,
-0.168953174898453,
-0.353553390593244,
-0.849384968487011,
-1.255293106546857,
-1.247204418453778,
-0.866025403784479,
-0.481137935381434,
-0.461939766255664,
-0.849384968486976,
-1.319479216882288,
-1.471177920604874,
-1.182786577556318,
-0.720073806728870,
-0.500000000000000,
-0.720073806728821,
-1.182786577556267,
-1.471177920604831,
-1.319479216882341,
-0.849384968487160,
-0.461939766255703,
-0.481137935381419,
-0.866025403784440,
-1.247204418453752,
-1.255293106546888,
-0.849384968487079,
-0.353553390593397,
-0.168953174898451,
-0.417419712826148,
-0.833355349529292,
-1.000000000000013,
-0.720073806728879,
-0.191341716182644,
0.168953174898440,
0.094734345490802,
-0.292635483024129,
-0.592465958475707,
-0.481137935381482,
-0.000000000000125,
0.481137935381411,
0.592465958475715,
0.292635483024271,
-0.094734345490766,
-0.168953174898484,
0.191341716182412,
0.720073806728761,
0.999999999999992,
0.833355349529507,
0.417419712826207,
0.168953174898449,
0.353553390593139,
0.849384968486981,
1.255293106546841,
1.247204418453833,
0.866025403784384,
0.481137935381443,
0.461939766255607,
0.849384968487070,
1.319479216882275,
1.471177920604860,
1.182786577556342,
0.720073806728889,
0.500000000000000,
0.720073806728801,
1.182786577556352,
1.471177920604829,
1.319479216882361,
0.849384968487067,
0.461939766255705,
0.481137935381398,
